0011101101011001100111001111100010001010011111011100101010010111101000011001111011101111100010100000
1000101001110011100000100111110000111011001010010100101100101000001100110011000010001100011101011000
1110001101111111010101111101011010101010011110101110111001011000110001101100101110101110010110000110
0010000000101001111010111110000001101011011000001110011000010101010000000111100100010000111011111001
0010001111001001010100110011110011001111000001001110010001011110001101111101001101101111010110100100
0100010110100000000011100101011001000111010011011000011011101100010111001011001010100111001001011110
1010111101001110101001000111111100111101011001000101111010100100100101111111110100100000000111100100
1101011100010000101001001110111110100010001010101001011111010111110011100111000011101111001100001111
0000101001100001010001001000000000110111101011100000111011001000000100110100011101001001010010110000
0111000001011101101010001101001011110010111010011001000101000111001110111010100011000101111000001101
0100100000001111110000111000110100000001111101010001000110111100011111011000000000111000100101111010
1110111001100101110000111110101100100111001111101101111111011010011101011101011100001011111100100111
0101010100010100111011101111011011110100110111010111000010111010001100110010010101001110111000110100
1010011010010110110001110111010000110111100101001010010100111000111111110101100100010100000010001110
0101000110111010010010001110101000100010011111010001100111010110110011110101101011100010001111000011
1000010110010100101100001001100100010010010011111000010111011011111000101110011110001100011000110000
0101111001000111100111111101000111111000100000011011010010000111010100000100101111100101010110000100
1011000111010001001110000110010001110001101000001101001111000001011010001100011101100001111100001011
0001111110111010111001001011110001101100000011010110101111101101101111110111001101010010111001010111
0001100010001010000001110001101000000101001100000111100110110001001011010010101110111101011100001110
0100010110010101001110110111110001001110011010011111101100110100001001101101111101101100011000101100
1001111010100111000110101011001010111011011110001010100000101111001000011110001111111010111101010110
1001110101011001000011101101010011111000110010101111001010111101001100001000011010000111011100001101
1101101100001111011100000001100100111100001001101111110010001011001101110100011010111100100000010011
1010011101110011110001011011101011010100000111001110100111110000110010110000000100010101101100010110
1100101100111111110111110010111010010110011010000000011100111101001011011000100101100100100100010000
0101000100001111111110001110100001010111100100000001101010011110100101011111110101001100101001100111
0111001111101010001000111111000011011101101001101000111111010010111100010100110101111100100010010100
1011111111000001001111010001101110111001001111101100000001011000110111101100100101011001100000111111
1000101111111101100101100100100000110110111011001101111100000001100001111000101011010001011101011011
0110101110100001010110010100110001100011100101010110010110000111101001100101111100100001001011110110
0100010000100101011001011000000001000100010110011011011010000101110101110100100101111011101111010010
0000101110011010100001110000011101101111000110001001111100110011000101001100000101101100111010101011
1010100001011110100100010010000001001100011011001000011111101011010001001010100101010100110011010010
0110111000000001110110000000100101110111100100000000010001100010000110011010000000011101001111110101
0100010111000111101010001000101101011011010001001111100101110111001011010011100111001110100011001111
1101011110000011101001000100010101010110000101111101001001110010010010011111110000100110100001000110
1100101000100000000001100100001101110100000010101101011010101101100111001011100010010011000111011101
0010110111101110100000111110011001101010100010110010010001100000110110010110011001001001110100110001
0110011011111001001010110001011101010000111101110100010111100001111111111111110001111001100110110010
0100001101100111000100101000000000010111011010010000111110101000111000010100000110011100010011100100
0001001000111110011010001110101101000101011100010011110011111111101111001110111100011101000001010010
1011011101100000001110011011010110001100110011101110100011010011011010011101011011001001101000101101
1100011001110000110100001100101100001010000011110000001000101001100011011001111101000000010001011010
1101010010000100101001100101101000001000001100100111110101000010000110011100111101010110001010110101
1001111101110000000101100001110101011001010010110010100000000000111100100101001100010100001110011010
0100011000011100111110110101111001101110110100100101000011010101101101010001010000101010010000000011
0111000100001011001000100111011000010111110001100000111101101000110111000011011111100001000000010111
0010111100110000100111111010000000011110101000110110010110100010111111010111010001101001001100110101
0000011111110011101011111100100000011011011001110000100000100011100101011001000111111101010100011001
1101101111100000010100010111011101110010110000010100111000101011011011001111011001000010010101110101
0000010111011001110110110111000101101010010101001001100000000110001111111010101101111000110111010010
1011100000101010111001101010100001101000100000111100001110111101010001010010001000100101011111010100
0111000001101001011011101100101011101110011101111010101001000110101100011111110110001001110100010010
1001111111010010011011010111111101100111000110000100101111000001101011111100101101011010010100100010
0001101000000011011001011010011110001010011101100001100011100011011100000100100100000100111011100010
0000010101010111000100111110100100111010111110100000010110100100011101000110000010111100011010101010
0000000111110000001111001101111001101011101101101110100111011100101001010001101111010110011101110111
0110111101001001111111000101000100000100000101100100101000101000101101100010100001001101010000010100
0001101010101111111010101100011111100111100100110011101101011010000101101011011010001001100101001100
1001010000111011000001011101101000101011100111111100010101100000110011001011010111001101011101001111
1111100011111000100100000110000101000111001100000011000011101011110010100011001111100111011011110011
0111100000101011111100010011001111101101100110001111110010101001010011000110011111111001000001001101
0001000100111101100000001100111001000110100010101001111011110010110111010110111101010110111011000101
1110111010101101000110110100100111111100011110010011011011001001001010100100110110010010110001011111
0101001111111001001111100010000111100000011010010011100000101101001111010110110010111110111101110000
1010110110000011000010001111101100110100010100000010000110000100111001101100010000011111010011000110
1101111101011000000010011110000010011100101000100000110010101100111111100111010101101111100000000101
1010010011111000010000011101001111001010001101101110010101010101010010111001110110010110110000100110
0001100111110110011101000001111000110000010010011010011000101111000011011011000000110001000110100010
1010001101100111001111001101110110000000101100111110111100101010011001101001001011001101000001010111
1011010110110100000100111000001101011010100100110011100111110001100000111101101110110111010101111010
1101100000101110001000001001101001010111111001010111001000000111000011101101110111100010101011100101
0001111000001101110100111111101101101100000011000101010010000100101010111101111100001101000011100000
1101100110100111011011100001101010111000010110101010001101001000000100001110011100010010110011101111
0000000110110000001000010001001011011001101000011010011110100000001111011010010000010110110011001110
0100001000000000110111101010110110001000110100111100110100101000100010011100001011110000000101111100
1001111110011011101000011111011011100100101101101000000010001111001110101010011111001101101010110100
1011110000010100001110000110000110010010101111101101001010000011010110011101001101110001110010000111
0111011100101101101111110010011101001011000101010100010111101000111100101100000101111010100100001000
0111010101001100111000110100110101010001001010111000110001001110110001011111111111100111100010000011
1110110110010100011010011000011001110101010101110001110100100001111100111011110001101100011011011111
1111111100110000100101001110110000001001001011010011000111100101110101001000101111001100011111101100
1001011111110110000110101111110101001101001011110110110011001101010111001100100100111111111010001100
0011100101011010000101101100100011111100101000100011010010010000101001010100101000111110000001001110
1110111111000101000010100000010100101110100000100111001110000100000111010101110010000001011101011101
1010111101011010111010110000100111001010101010001001100001000001001111010111100100111101100000000001
1100010001100000001100000010001100101010110000001010001010111010011101001100001111000011000001011101
1000101011001010011110010001001100000010001110000110101001010001100110101110011011001010100010110011
0101011011101000000110011100010001000111110110111011100110100000110101101000000111010110100101001100
0001011000101010111001101100100101001100111010001101010011100101100010110000011110101101011000011101
1010101111010000001111001000111010001100111000110000100100010111011011101000000110000110100110001110
1000011101101110111010111100111010111011010111110101001000011001111001001110111111010011110100011000
0000001100101101100001111000001111100001100100011011110000010001101100011000011110101110011100011111
0111100110000000100100100011000000111101000001100111111101111101010000011000001010000111101011001000
0100100000000001010100100101001101010110011010010101100100010001001110011001100011000000100000111111
1111011001100100000001000110011010101110111111111101100000100101000111001100111000010000111101000001
0111100111010110101111110111011000000010010001001011110110000100000000111110101000100111010011111010
0010010101111001100101111011011001100111010100001100000110110100000011111010001110111111001011001111
0001010100010110010010101001010111100100100001010010111110100110110001010010010000010011111101111011
